0
SECTION
2
TABLES
0
TABLE
2
LTYPE
0
LTYPE
2
MTC_DASHDOT
3
Axis_line
72
65
73
4
40
11.7
49
5.0
49
-3.0
49
0.7
49
-3.0
70
0
0
LTYPE
2
MTC_DASH
3
Invisible_line
72
65
73
2
40
11.0
49
8.0
49
-3.0
70
0
0
LTYPE
2
MTC_SOLID
3
Solid_line
72
65
73
0
40
0.0
70
0
0
ENDTAB
0
TABLE
2
LAYER
0
LAYER
2
MTC_OUTLINE
62
7
6
MTC_SOLID
70
0
0
LAYER
2
MTC_TEXTN
62
8
6
MTC_SOLID
70
0
0
LAYER
2
MTC_TEXTB
62
5
6
MTC_SOLID
70
0
0
LAYER
2
MTC_THIN
62
8
6
MTC_SOLID
70
0
0
LAYER
2
MTC_AXIS
62
1
6
MTC_DASHDOT
70
0
0
LAYER
2
MTC_INVISIBLE
62
8
6
MTC_DASH
70
0
0
ENDTAB
0
ENDSEC
0
SECTION
2
ENTITIES
0
LINE
8
MTC_THIN
10
0
20
-8.95292386574644
30
0.0
11
0
21
0
31
0.0
0
LINE
8
MTC_THIN
10
0
20
0
30
0.0
11
43.9119599129468
21
0
31
0.0
0
TEXT
8
MTC_TEXTN
10
0
20
-8.95292386574644
30
0.0
40
3.4106376631415
1
Kegelrad - Ritzel
41
0.7
72
0
11
1.29929053833962
21
-8.30327859657663
31
0.0
73
1
0
LINE
8
MTC_THIN
10
43.9119599129468
20
0
30
0.0
11
46.4699381603029
21
0
31
0.0
0
LINE
8
MTC_THIN
10
46.4699381603029
20
0
30
0.0
11
88.676579241679
21
0
31
0.0
0
LINE
8
MTC_THIN
10
130.883220323055
20
-8.95292386574644
30
0.0
11
130.883220323055
21
0
31
0.0
0
LINE
8
MTC_THIN
10
88.676579241679
20
0
30
0.0
11
130.883220323055
21
0
31
0.0
0
LINE
8
MTC_THIN
10
0
20
-17.9058477314929
30
0.0
11
0
21
-8.95292386574644
31
0.0
0
TEXT
8
MTC_TEXTN
10
0
20
-17.9058477314929
30
0.0
40
3.4106376631415
1
z1=20, mmn=4,78, betam1=28
41
0.7
72
0
11
1.29929053833962
21
-17.2562024623231
31
0.0
73
1
0
LINE
8
MTC_THIN
10
130.883220323055
20
-17.9058477314929
30
0.0
11
130.883220323055
21
-8.95292386574644
31
0.0
0
LINE
8
MTC_THIN
10
0
20
-26.8587715972393
30
0.0
11
0
21
-17.9058477314929
31
0.0
0
LINE
8
MTC_THIN
10
0
20
-26.8587715972393
30
0.0
11
43.9119599129468
21
-26.8587715972393
31
0.0
0
TEXT
8
MTC_TEXTN
10
0
20
-26.8587715972393
30
0.0
40
3.4106376631415
1
Werkstof: Einsatzstahl, einsatzgehärtet (55HRC)
41
0.7
72
0
11
1.29929053833962
21
-26.2091263280695
31
0.0
73
1
0
LINE
8
MTC_THIN
10
43.9119599129468
20
-26.8587715972393
30
0.0
11
46.4699381603029
21
-26.8587715972393
31
0.0
0
LINE
8
MTC_THIN
10
46.4699381603029
20
-26.8587715972393
30
0.0
11
88.676579241679
21
-26.8587715972393
31
0.0
0
LINE
8
MTC_THIN
10
88.676579241679
20
-26.8587715972393
30
0.0
11
130.883220323055
21
-26.8587715972393
31
0.0
0
LINE
8
MTC_THIN
10
130.883220323055
20
-26.8587715972393
30
0.0
11
130.883220323055
21
-17.9058477314929
31
0.0
0
ENDSEC
0
EOF